352.7930 1400.0 188
353.0731 1402.0 188
353.3588 1402.0 188
353.6389 1402.0 188
353.9191 1400.0 188
354.2157 1402.0 188
354.4958 1402.0 188
354.7760 1402.0 188
355.0616 1404.0 188
355.3418 1404.0 188
355.6219 1402.0 188
355.9021 1402.0 188
356.1823 1402.0 188
356.4679 1402.0 188
356.7480 1404.0 188
357.0447 1404.0 188
357.3248 1404.0 188
357.6050 1408.0 188
357.8906 1408.0 188
358.1708 1408.0 188
358.4509 1410.0 188
358.7311 1410.0 188
359.0112 1408.0 188
359.2969 1406.0 188
359.5770 1410.0 188
359.8737 1412.0 188
0.1538 1410.0 188
0.4340 1410.0 188
0.7141 1412.0 188
0.9998 1416.0 188
1.2799 1416.0 188
1.5601 1416.0 188
1.8402 1418.0 188
2.1204 1418.0 188
2.4170 1420.0 188
2.7026 1420.0 188
2.9828 1422.0 188
3.2629 1424.0 188
3.5431 1424.0 188
3.8232 1424.0 188
4.1089 1426.0 188
4.3890 1428.0 188
4.6692 1432.0 188
4.9658 1434.0 188
5.2460 1434.0 188
5.5261 1434.0 188
5.8118 1436.0 188
6.0919 1438.0 188
6.3721 1438.0 188
6.6522 1440.0 188
6.9324 1442.0 188
7.2290 1444.0 188
7.5146 1444.0 188
7.7344 1448.0 188
8.0145 1450.0 188
8.3112 1452.0 188
8.5913 1454.0 188
8.8715 1456.0 188
9.1516 1458.0 188
9.4373 1462.0 188
9.7174 1460.0 188
9.9976 1460.0 188
10.2777 1464.0 188
10.5743 1468.0 188
10.8545 1470.0 188
11.1401 1472.0 188
11.4203 1472.0 188
11.7004 1474.0 188
12.5464 1492.0 188
13.0133 2496.0 188
13.2935 2496.0 188
13.5736 2500.0 188
13.8593 2504.0 188
14.1394 2508.0 188
14.4196 2508.0 188
14.7162 2508.0 188
14.9963 2512.0 188
15.2765 2516.0 188
15.5621 2524.0 188
15.8423 2508.0 188
16.1224 2484.0 188
16.4026 2484.0 188
16.6827 2484.0 188
16.9794 2484.0 188
17.2650 2488.0 188
17.5452 2496.0 188
18.1055 2484.0 188
18.4515 2324.0 188
18.7317 2320.0 188
19.0118 2308.0 188
19.2920 2284.0 188
19.5776 2276.0 188
19.8578 2276.0 188
20.1544 2268.0 188
20.4346 2236.0 188
20.7642 2228.0 188
21.0443 2228.0 188
21.3409 2216.0 188
21.6211 2200.0 188
21.9012 2188.0 188
22.1869 2184.0 188
22.4670 2180.0 188
22.7472 2172.0 188
23.0273 2144.0 188
23.3075 2124.0 188
23.6041 2124.0 188
23.8898 2136.0 188
24.1699 2160.0 188
24.4501 2184.0 188
24.7302 2196.0 188
25.0104 2196.0 188
25.2960 2220.0 188
25.5267 2248.0 188
25.8124 2264.0 188
26.0925 2280.0 188
26.3727 2312.0 188
26.6528 2348.0 188
26.9495 2384.0 188
27.2296 2408.0 188
27.5153 2432.0 188
29.1522 2592.0 188
29.6686 3028.0 188
29.9487 3028.0 188
30.2344 2992.0 188
30.5145 2960.0 188
30.7947 2936.0 188
31.3715 2900.0 188
31.6516 2868.0 188
32.5140 2840.0 188
33.4808 2264.0 188
33.7610 2264.0 188
34.0466 2276.0 188
34.3268 2284.0 188
34.6234 2292.0 188
34.9036 2296.0 188
35.1837 2300.0 188
35.4639 2308.0 188
35.7605 2312.0 188
36.0461 2320.0 188
36.3263 2324.0 188
36.6064 2332.0 188
36.9031 2336.0 188
37.1832 2348.0 188
37.4634 2356.0 188
37.7490 2360.0 188
38.0457 2368.0 188
38.3258 2380.0 188
38.6060 2388.0 188
38.8861 2400.0 188
39.4684 2412.0 188
41.6052 1036.0 188
41.9513 1018.0 188
42.2314 1002.0 188
42.5281 990.0 188
42.8577 982.0 188
43.1543 970.0 188
43.4344 962.0 188
43.7146 952.0 188
44.0607 942.0 188
44.3408 928.0 188
44.6375 928.0 188
46.2030 2768.0 188
46.4832 2828.0 188
46.7633 2872.0 188
47.0435 2872.0 188
47.3401 2836.0 188
47.9059 2768.0 188
48.1860 2764.0 188
48.4827 2796.0 188
48.7628 2816.0 188
49.0430 2840.0 188
49.3231 2860.0 188
49.6198 2876.0 188
49.9054 2896.0 188
50.1855 2952.0 188
50.4657 2992.0 188
50.7623 2984.0 188
51.0425 2972.0 188
51.3281 2968.0 188
51.6083 2960.0 188
51.9049 2956.0 188
52.1851 3000.0 188
53.0420 3072.0 188
58.5132 1682.0 188
58.7933 1690.0 188
59.0735 1682.0 188
59.3591 1670.0 188
59.6393 1674.0 188
59.9194 1678.0 188
60.1996 1684.0 188
61.0620 1696.0 188
61.3586 2592.0 188
61.6388 2584.0 188
61.9189 2560.0 188
62.1991 2552.0 188
62.4792 2544.0 188
62.7649 2544.0 188
63.4955 1994.0 188
63.7921 1974.0 188
64.0778 1966.0 188
64.3579 1962.0 188
64.6381 1950.0 188
64.9182 1936.0 188
65.1984 1926.0 188
65.4950 1918.0 188
65.7806 1912.0 188
66.0608 1906.0 188
66.3409 1900.0 188
66.6211 1896.0 188
66.9012 1894.0 188
67.1979 1892.0 188
67.5275 1890.0 188
67.8076 1888.0 188
68.1042 1886.0 188
68.3899 1886.0 188
68.6700 1886.0 188
68.9502 1884.0 188
69.2303 1882.0 188
69.5105 1882.0 188
69.8071 1882.0 188
70.0928 1882.0 188
70.3729 1880.0 188
70.6531 1880.0 188
70.9332 1882.0 188
71.2134 1888.0 188
71.4496 1892.0 188
71.7297 1898.0 188
72.0154 1896.0 188
72.3120 1902.0 188
72.5922 1906.0 188
72.8723 1902.0 188
73.1525 1898.0 188
73.4326 1896.0 188
73.7787 1890.0 188
74.0588 1888.0 188
74.3390 1890.0 188
74.5752 1894.0 188
74.8553 1906.0 188
75.1355 1918.0 188
75.4211 1928.0 188
76.2781 1958.0 188
82.2766 852.0 188
83.1226 868.0 188
83.6993 1048.0 188
84.9023 2460.0 188
85.1825 2460.0 188
85.4791 2464.0 188
85.8087 2456.0 188
86.3855 2452.0 188
88.5773 1012.0 188
88.8574 1004.0 188
89.1376 1004.0 188
89.4342 998.0 188
89.7144 990.0 188
90.0439 982.0 188
90.3241 978.0 188
90.6207 976.0 188
90.9009 974.0 188
91.1865 972.0 188
91.4667 970.0 188
91.7468 968.0 188
92.0270 966.0 188
92.3071 968.0 188
93.7299 978.0 188
94.0155 982.0 188
94.2462 986.0 188
94.5264 990.0 188
94.8120 996.0 188
95.0922 1002.0 188
95.6525 1012.0 188
102.7606 5112.0 188
103.0463 5080.0 188
103.3264 5088.0 188
103.8867 5088.0 188
104.6832 2944.0 188
104.9634 2932.0 188
105.5292 2744.0 188
105.8698 2700.0 188
106.1554 2676.0 188
106.4355 2668.0 188
106.7157 2660.0 188
106.9958 2656.0 188
107.2760 2652.0 188
107.5616 2644.0 188
107.8583 2644.0 188
108.1384 2640.0 188
108.4186 2636.0 188
108.6987 2636.0 188
108.9844 2636.0 188
109.2645 2640.0 188
109.5447 2644.0 188
109.8248 2644.0 188
110.1215 2640.0 188
110.4016 2624.0 188
110.6873 2604.0 188
110.9674 2592.0 188
111.2476 2584.0 188
111.5277 2576.0 188
111.8079 2572.0 188
112.0935 2568.0 188
112.3901 2568.0 188
112.6703 2564.0 188
112.9504 2568.0 188
113.5107 2576.0 188
113.7964 2680.0 188
114.0765 2692.0 188
114.3732 2696.0 188
116.7792 884.0 188
117.0758 882.0 188
117.3560 880.0 188
117.6361 880.0 188
117.9822 878.0 188
118.2623 878.0 188
118.5425 876.0 188
118.8281 866.0 188
119.3884 864.0 188
119.6686 872.0 188
119.9652 872.0 188
120.2454 870.0 188
120.5310 868.0 188
120.8112 866.0 188
121.0913 866.0 188
121.3715 866.0 188
121.6516 864.0 188
122.2339 862.0 188
123.4973 4824.0 188
123.7775 4816.0 188
124.0576 4832.0 188
124.3542 4848.0 188
124.6399 4864.0 188
124.9200 4888.0 188
125.1398 4928.0 188
125.9967 4976.0 188
128.7323 564.0 188
129.0125 564.0 188
129.2926 564.0 188
129.5892 564.0 188
129.8749 562.0 188
130.1550 562.0 188
130.4352 562.0 188
130.7153 562.0 188
131.0614 558.0 188
131.3416 556.0 188
131.6217 554.0 188
131.9019 552.0 188
132.1875 550.0 188
132.4841 550.0 188
133.3246 552.0 188
131.6711 6136.0 188
131.9513 6096.0 188
132.2314 6096.0 188
132.5116 6096.0 188
132.7917 6104.0 188
137.4994 335.0 188
137.7795 336.0 188
137.9993 338.0 188
138.2959 339.0 188
138.5760 341.0 188
138.7958 342.0 188
139.0924 343.0 188
139.3726 344.0 188
139.6527 345.0 188
139.9329 346.0 188
140.1691 348.0 188
140.4492 349.0 188
140.7294 350.0 188
141.0150 351.0 188
141.2457 352.0 188
141.5259 354.0 188
142.3718 356.0 188
151.5125 1318.0 188
165.4211 357.0 188
166.3385 354.0 188
168.9642 351.0 188
170.6671 347.0 188
171.5735 345.0 188
172.1393 342.0 188
172.4359 342.0 188
173.2764 342.0 188
173.5620 342.0 188
173.9026 341.0 188
174.1827 341.0 188
174.4684 341.0 188
174.7485 340.0 188
175.0287 339.0 188
175.3253 340.0 188
175.8856 339.0 188
176.1713 339.0 188
176.7316 338.0 188
177.0117 338.0 188
177.5885 338.0 188
177.8741 338.0 188
178.1543 337.0 188
178.4949 336.0 188
178.7146 337.0 188
179.0112 337.0 188
179.2969 337.0 188
179.6210 336.0 188
179.9176 336.0 188
180.1978 336.0 188
180.4834 336.0 188
181.0437 335.0 188
181.3239 335.0 188
181.9061 335.0 188
182.1863 335.0 188
182.7466 336.0 188
183.0267 335.0 188
183.3124 335.0 188
183.5925 336.0 188
183.8892 336.0 188
184.1693 335.0 188
184.4495 335.0 188
184.7296 336.0 188
185.0153 336.0 188
185.2954 335.0 188
185.5756 336.0 188
186.1523 336.0 188
186.9983 335.0 188
187.2784 336.0 188
187.5586 336.0 188
187.8552 336.0 188
188.4210 336.0 188
188.7012 336.0 188
188.9813 336.0 188
189.2175 337.0 188
189.4977 338.0 188
190.3436 337.0 188
190.6238 338.0 188
190.9204 338.0 188
191.2006 337.0 188
191.4807 338.0 188
191.7609 338.0 188
192.0465 338.0 188
192.3267 338.0 188
192.9034 338.0 188
193.1836 338.0 188
193.4637 339.0 188
193.7494 340.0 188
194.8865 341.0 188
195.1666 341.0 188
195.3864 342.0 188
197.9517 344.0 188
214.0302 3764.0 188
214.3103 3524.0 188
214.6509 3472.0 188
214.9365 3460.0 188
215.2167 3460.0 188
215.5133 3460.0 188
215.7935 3460.0 188
216.0736 3460.0 188
216.3593 3468.0 188
216.6559 3480.0 188
216.9360 3496.0 188
217.4524 3516.0 188
218.2489 2356.0 188
218.5291 2352.0 188
218.8092 2352.0 188
219.1058 2352.0 188
219.3860 2356.0 188
219.6716 2364.0 188
219.9518 2372.0 188
220.2484 2376.0 188
220.5286 2384.0 188
220.8087 2392.0 188
221.0889 2400.0 188
221.3855 2408.0 188
221.6711 2412.0 188
221.9513 2424.0 188
222.2314 2428.0 188
222.5281 2432.0 188
222.8082 2436.0 188
223.0884 2444.0 188
223.3740 2448.0 188
223.6707 2452.0 188
223.9508 2456.0 188
224.1705 2460.0 188
224.4672 2472.0 188
224.7473 2476.0 188
225.0275 2480.0 188
225.3076 2480.0 188
225.6042 2484.0 188
225.8899 2488.0 188
226.1700 2492.0 188
226.4502 2496.0 188
226.7303 2496.0 188
227.0270 2500.0 188
227.3071 2504.0 188
227.8729 2516.0 188
229.8724 5424.0 188
230.1526 5408.0 188
230.4492 5400.0 188
230.7294 5416.0 188
231.0150 5440.0 188
231.2952 5464.0 188
232.0312 3288.0 188
232.3279 3280.0 188
232.6080 3264.0 188
232.8882 3248.0 188
233.1683 3236.0 188
233.4650 3228.0 188
233.7451 3216.0 188
234.0308 3204.0 188
234.3109 3188.0 188
234.5911 3176.0 188
234.8877 3168.0 188
235.1678 3152.0 188
235.4480 3140.0 188
235.7336 3128.0 188
236.0303 3120.0 188
236.3104 3112.0 188
236.5906 3100.0 188
236.8707 3088.0 188
237.1509 3076.0 188
237.4969 3064.0 188
237.7771 3056.0 188
238.0737 3044.0 188
238.3594 3032.0 188
238.6395 3024.0 188
238.9197 3012.0 188
239.1998 3000.0 188
239.4965 2988.0 188
239.7766 2984.0 188
240.0623 2972.0 188
240.3424 2964.0 188
240.6390 2956.0 188
240.9192 2948.0 188
241.1993 2936.0 188
241.4795 2928.0 188
241.7651 2924.0 188
242.0618 2912.0 188
242.3419 2904.0 188
242.6221 2896.0 188
242.9022 2888.0 188
243.1989 2884.0 188
243.4790 2872.0 188
243.7646 2864.0 188
244.0448 2856.0 188
244.3250 2848.0 188
244.6216 2840.0 188
244.9017 2832.0 188
245.1874 2824.0 188
245.4675 2816.0 188
245.7642 2808.0 188
246.0443 2804.0 188
246.6046 2800.0 188
246.9507 2708.0 188
247.1869 2752.0 188
247.4670 2812.0 188
248.3075 2848.0 188
249.9664 3476.0 188
250.7794 3812.0 188
251.4661 7544.0 188
251.7462 7568.0 188
252.0264 7584.0 188
252.3120 7576.0 188
252.6086 7584.0 188
252.8888 7592.0 188
253.1689 7608.0 188
254.2456 3108.0 188
254.5312 3108.0 188
254.8279 3124.0 188
255.1080 3140.0 188
255.3882 3164.0 188
255.6683 3188.0 188
255.9650 3216.0 188
256.2451 3236.0 188
256.5308 3260.0 188
256.8109 3288.0 188
257.1075 3304.0 188
257.3877 3324.0 188
257.6678 3340.0 188
257.9480 3352.0 188
258.5303 3376.0 188
259.1510 7576.0 188
259.4531 7512.0 188
260.2332 3212.0 188
260.5298 3188.0 188
260.8099 3188.0 188
261.0901 3184.0 188
261.3702 3184.0 188
261.6669 3180.0 188
261.9525 3172.0 188
262.2327 3160.0 188
262.5128 3152.0 188
262.8094 3148.0 188
263.0896 3160.0 188
263.3698 3172.0 188
263.6554 3172.0 188
263.9520 3160.0 188
264.2322 3148.0 188
264.5123 3136.0 188
264.7925 3140.0 188
265.0891 3156.0 188
265.3748 3192.0 188
269.7144 7960.0 188
270.0000 7904.0 188
270.2802 7872.0 188
271.9995 6808.0 188
272.8400 7632.0 188
273.3563 10440.0 188
273.6530 10456.0 188
273.9331 10432.0 188
274.5593 7848.0 188
274.8395 7840.0 188
275.1196 7848.0 188
275.4218 7872.0 188
276.2183 10344.0 188
276.4984 10384.0 188
276.7786 10376.0 188
277.0587 10400.0 188
277.3389 10464.0 188
277.9211 8568.0 188
278.2013 8520.0 188
278.4814 8488.0 188
278.7616 8480.0 188
279.0417 8456.0 188
279.6240 8392.0 188
279.9481 8008.0 188
280.5304 8064.0 188
280.8105 6368.0 188
281.0907 6360.0 188
281.3708 6368.0 188
281.6510 6376.0 188
281.9366 6392.0 188
282.2333 6392.0 188
282.5134 6392.0 188
282.7936 6392.0 188
283.0737 6400.0 188
283.3594 6408.0 188
283.6395 6400.0 188
283.9362 6400.0 188
284.7766 6424.0 188
285.2930 11280.0 188
285.5731 11000.0 188
285.8588 10872.0 188
286.1389 10872.0 188
286.4191 10888.0 188
287.2760 9416.0 188
287.5616 9424.0 188
287.8418 9440.0 188
288.1219 9456.0 188
288.9844 8416.0 188
289.8853 7976.0 188
291.3080 6488.0 188
291.5936 6448.0 188
291.8738 6472.0 188
292.1539 6472.0 188
292.4341 6472.0 188
292.7142 6480.0 188
293.0109 6488.0 188
293.2965 6520.0 188
293.5767 6528.0 188
293.8568 6544.0 188
294.1370 6512.0 188
294.4171 6504.0 188
294.7028 6536.0 188
294.9994 6560.0 188
295.2795 6640.0 188
295.5597 6768.0 188
295.8398 6800.0 188
296.1200 6720.0 188
296.4056 6664.0 188
296.7023 6608.0 188
296.9824 6504.0 188
297.2626 6400.0 188
297.5427 6360.0 188
297.8229 6320.0 188
298.1085 6256.0 188
298.4052 6176.0 188
299.3115 6104.0 188
299.5917 5936.0 188
299.8718 5880.0 188
300.1520 5816.0 188
300.7782 4592.0 188
301.0583 4584.0 188
301.9208 4512.0 188
302.7612 4456.0 188
303.0469 4456.0 188
303.3270 4456.0 188
303.6072 4480.0 188
304.1840 4192.0 188
304.4641 4192.0 188
304.7498 4248.0 188
305.0299 4296.0 188
305.3265 4344.0 188
305.6067 4304.0 188
305.8868 4248.0 188
306.1670 4280.0 188
306.7493 4112.0 188
307.0734 4088.0 188
307.6556 3856.0 188
307.9358 3872.0 188
308.2159 3888.0 188
308.5126 3900.0 188
308.7927 3912.0 188
309.0729 3932.0 188
309.3585 3956.0 188
309.6387 3976.0 188
309.9353 3988.0 188
310.2155 4000.0 188
310.4956 4012.0 188
310.7812 4000.0 188
311.0614 3964.0 188
311.3580 3944.0 188
312.1985 2068.0 188
312.4841 2068.0 188
312.7643 2064.0 188
313.0444 2064.0 188
313.3411 2060.0 188
313.6212 2056.0 188
313.9014 2052.0 188
314.1870 2052.0 188
314.5276 2044.0 188
314.8077 2042.0 188
315.0934 2038.0 188
315.3900 2028.0 188
315.6702 2022.0 188
315.9503 2018.0 188
316.2305 2014.0 188
316.5271 2010.0 188
316.8073 2006.0 188
317.6532 2000.0 188
318.0597 1740.0 188
318.3398 1716.0 188
318.6200 1706.0 188
318.9056 1696.0 188
319.2023 1692.0 188
319.4824 1688.0 188
319.7626 1684.0 188
320.0427 1680.0 188
320.3229 1674.0 188
320.6250 1670.0 188
320.9052 1664.0 188
321.1853 1658.0 188
321.4655 1654.0 188
321.7456 1652.0 188
322.0422 1644.0 188
322.3718 1638.0 188
322.6685 1636.0 188
322.9486 1628.0 188
323.2343 1620.0 188
323.5144 1616.0 188
323.7946 1612.0 188
324.0912 1612.0 188
324.3713 1606.0 188
324.6515 1600.0 188
324.9371 1598.0 188
325.2173 1596.0 188
325.5139 1590.0 188
325.7941 1584.0 188
326.0742 1578.0 188
326.3544 1574.0 188
326.6400 1574.0 188
326.9366 1570.0 188
327.2168 1562.0 188
327.4969 1558.0 188
327.7771 1558.0 188
328.0737 1556.0 188
328.3594 1550.0 188
328.6395 1544.0 188
328.9197 1542.0 188
329.1998 1538.0 188
329.5459 1536.0 188
329.8260 1534.0 188
330.1227 1528.0 188
330.4028 1526.0 188
330.6830 1522.0 188
330.9686 1520.0 188
331.2488 1514.0 188
331.5454 1512.0 188
331.8256 1510.0 188
332.1057 1508.0 188
332.3859 1504.0 188
332.6715 1502.0 188
333.2318 1502.0 188
333.6823 1234.0 188
333.9679 1230.0 188
334.3085 1226.0 188
334.5886 1222.0 188
334.8743 1222.0 188
335.1544 1224.0 188
335.4346 1224.0 188
335.7147 1226.0 188
335.9949 1228.0 188
336.2915 1226.0 188
336.5771 1228.0 188
336.7969 1232.0 188
337.0770 1234.0 188
337.3572 1234.0 188
337.6373 1236.0 188
337.9340 1238.0 188
338.2141 1238.0 188
338.4998 1240.0 188
338.7799 1242.0 188
339.0601 1244.0 188
339.3402 1244.0 188
339.6204 1244.0 188
339.9060 1246.0 188
340.1862 1248.0 188
340.4828 1248.0 188
340.7629 1250.0 188
341.0431 1250.0 188
341.3232 1252.0 188
341.6089 1252.0 188
341.8890 1254.0 188
342.1692 1258.0 188
342.4493 1258.0 188
342.7295 1258.0 188
343.0151 1260.0 188
343.3118 1262.0 188
343.5919 1264.0 188
343.8721 1264.0 188
344.1522 1266.0 188
344.4324 1268.0 188
344.7180 1268.0 188
344.9982 1270.0 188
345.2783 1272.0 188
345.5585 1274.0 188
345.8386 1274.0 188
346.1353 1278.0 188
346.4209 1280.0 188
346.7010 1280.0 188
346.9812 1284.0 188
347.2614 1284.0 188
347.5415 1284.0 188
347.8271 1286.0 188
348.1073 1286.0 188
348.3875 1288.0 188
348.6841 1288.0 188
348.9642 1290.0 188
349.2499 1292.0 188
349.5300 1292.0 188
349.8102 1294.0 188
350.0903 1294.0 188
350.3705 1294.0 188
350.6067 1296.0 188
350.8868 1298.0 188
351.1670 1304.0 188
351.4526 1318.0 188
351.9635 1402.0 188
352.2491 1400.0 188
352.5293 1398.0 188
