24.6698 2300.0 188
24.9664 2308.0 188
25.2466 2324.0 188
25.5267 2332.0 188
25.8234 2324.0 188
26.1090 2324.0 188
26.3892 2340.0 188
26.6693 2360.0 188
26.9659 2384.0 188
27.2461 2408.0 188
27.5262 2432.0 188
29.1852 2584.0 188
29.7015 3040.0 188
29.9817 3028.0 188
30.2783 2988.0 188
30.5585 2956.0 188
30.8386 2932.0 188
31.1243 2916.0 188
31.4209 2892.0 188
31.7010 2868.0 188
32.5580 2848.0 188
33.8269 2272.0 188
34.1071 2276.0 188
34.3872 2288.0 188
34.6838 2296.0 188
34.9640 2304.0 188
35.2496 2304.0 188
35.5463 2312.0 188
35.8264 2316.0 188
36.1066 2324.0 188
36.4032 2328.0 188
36.6833 2332.0 188
36.9635 2340.0 188
37.2656 2348.0 188
37.5458 2360.0 188
37.8259 2364.0 188
38.1226 2376.0 188
38.4027 2384.0 188
38.6829 2392.0 188
39.5453 2400.0 188
41.4185 1042.0 188
41.6986 1028.0 188
42.0447 1012.0 188
42.3248 1002.0 188
42.6215 990.0 188
42.9675 978.0 188
43.2477 968.0 188
43.5278 956.0 188
43.8245 946.0 188
44.1705 938.0 188
44.7308 926.0 188
45.7306 2752.0 188
46.3074 2800.0 188
46.5930 2860.0 188
46.8896 2876.0 188
47.1698 2856.0 188
47.7466 2792.0 188
48.0267 2768.0 188
48.3124 2788.0 188
48.6090 2808.0 188
48.8892 2832.0 188
49.1693 2852.0 188
49.4659 2872.0 188
49.7461 2888.0 188
50.0262 2928.0 188
50.3229 2980.0 188
50.6085 2984.0 188
50.8887 2972.0 188
51.1853 2968.0 188
51.4655 2968.0 188
51.7456 2960.0 188
52.3279 2980.0 188
53.9978 3256.0 188
54.8547 3248.0 188
55.4810 3012.0 188
55.7611 3008.0 188
56.0468 3000.0 188
56.3434 3008.0 188
56.6235 3020.0 188
56.9037 3040.0 188
57.4805 3048.0 188
57.7606 2864.0 188
58.0573 2864.0 188
58.3429 2856.0 188
58.6230 2848.0 188
58.9197 2836.0 188
59.1998 2836.0 188
59.4800 2852.0 188
59.7766 2864.0 188
60.0623 2868.0 188
60.3424 2876.0 188
60.6226 2876.0 188
60.9192 2848.0 188
61.1993 2824.0 188
61.4795 2816.0 188
61.7761 2820.0 188
62.0618 2820.0 188
62.3419 2816.0 188
62.6221 2820.0 188
62.9187 2828.0 188
63.1989 2836.0 188
63.4790 2844.0 188
63.7811 2848.0 188
64.0613 2856.0 188
64.3414 2868.0 188
64.6381 2884.0 188
64.9182 2924.0 188
65.1984 2932.0 188
65.4840 2916.0 188
65.7806 2936.0 188
66.0608 2956.0 188
66.9177 3004.0 188
67.8406 5264.0 188
68.1207 5256.0 188
68.4009 5232.0 188
68.7030 5208.0 188
68.9832 5192.0 188
69.2633 5184.0 188
69.5599 5184.0 188
69.8401 5184.0 188
70.1202 5208.0 188
70.4059 5304.0 188
70.7025 5360.0 188
70.9827 5352.0 188
71.2628 5344.0 188
71.5594 5328.0 188
71.8396 5264.0 188
72.1198 5224.0 188
72.4054 5272.0 188
72.7020 5296.0 188
72.9822 5296.0 188
73.2623 5288.0 188
73.5590 5280.0 188
74.7015 5240.0 188
74.9817 5216.0 188
75.2618 5224.0 188
82.6062 856.0 188
84.7485 2360.0 188
85.0287 2360.0 188
85.8856 2384.0 188
86.2317 3904.0 188
86.5283 3904.0 188
87.3743 3920.0 188
88.9508 998.0 188
89.2310 994.0 188
89.5276 990.0 188
89.8077 986.0 188
90.1538 982.0 188
90.4340 978.0 188
90.7141 976.0 188
90.9998 974.0 188
91.2964 974.0 188
91.5765 970.0 188
91.8567 968.0 188
92.1368 970.0 188
92.7136 960.0 188
93.5596 976.0 188
93.8562 980.0 188
94.0759 986.0 188
94.3726 990.0 188
94.6527 992.0 188
94.9329 996.0 188
95.2185 1006.0 188
96.0754 1014.0 188
97.1686 1806.0 188
99.5142 1732.0 188
99.7943 1740.0 188
101.1676 1864.0 188
101.3873 1902.0 188
103.2166 1756.0 188
111.7639 2508.0 188
112.3407 2516.0 188
113.0273 3952.0 188
113.3075 3960.0 188
113.6041 3964.0 188
113.8898 3968.0 188
114.1699 3980.0 188
114.4501 3988.0 188
114.7467 3988.0 188
116.7627 882.0 188
117.0593 882.0 188
117.3395 882.0 188
117.6196 880.0 188
117.9053 882.0 188
118.2019 880.0 188
118.5260 878.0 188
118.8281 868.0 188
119.3884 864.0 188
119.6851 872.0 188
119.9652 872.0 188
120.2454 870.0 188
120.5310 868.0 188
120.8276 866.0 188
121.1078 866.0 188
121.3879 864.0 188
121.6681 864.0 188
121.9647 862.0 188
123.5303 4816.0 188
123.8269 4824.0 188
124.1071 4832.0 188
124.3872 4848.0 188
124.6838 4856.0 188
124.9640 4880.0 188
128.6224 5208.0 188
128.9026 5264.0 188
129.1827 5264.0 188
129.4794 5264.0 188
130.0452 6096.0 188
130.3253 6128.0 188
130.5615 6200.0 188
130.8417 6312.0 188
131.4679 6096.0 188
131.7645 6080.0 188
132.0447 6056.0 188
132.3248 6064.0 188
132.6215 6088.0 188
132.9016 6104.0 188
133.1378 6160.0 188
133.4180 6272.0 188
133.9838 6680.0 188
134.2804 6688.0 188
134.5605 6712.0 188
134.8407 6768.0 188
135.1208 6848.0 188
135.4175 6912.0 188
135.7031 6952.0 188
135.9833 6976.0 188
136.2634 7008.0 188
136.8402 7032.0 188
139.6362 570.0 188
139.9219 562.0 188
140.2625 556.0 188
140.5426 550.0 188
140.8887 546.0 188
148.4363 427.0 188
148.7769 421.0 188
149.1229 416.0 188
149.4196 412.0 188
149.7656 408.0 188
150.0458 404.0 188
150.3864 400.0 188
150.7324 396.0 188
151.0126 392.0 188
151.3092 391.0 188
151.5894 393.0 188
152.1716 395.0 188
155.0446 392.0 188
155.3906 387.0 188
155.6708 386.0 188
156.5936 384.0 188
156.8738 382.0 188
157.1539 382.0 188
157.4506 381.0 188
157.7307 379.0 188
158.0768 378.0 188
158.3569 377.0 188
158.6536 377.0 188
158.9337 376.0 188
159.2303 375.0 188
159.5105 374.0 188
159.7961 373.0 188
160.1367 372.0 188
160.4333 371.0 188
160.7135 371.0 188
160.9991 370.0 188
161.2958 369.0 188
161.5759 369.0 188
161.9165 367.0 188
162.2021 367.0 188
162.4988 367.0 188
162.7789 365.0 188
163.0756 364.0 188
163.3557 363.0 188
163.6359 362.0 188
163.9325 363.0 188
164.2181 362.0 188
164.5587 361.0 188
164.8389 360.0 188
165.1355 359.0 188
165.4211 358.0 188
165.7178 358.0 188
165.9979 357.0 188
166.3385 356.0 188
166.6241 356.0 188
166.9208 356.0 188
167.2009 355.0 188
167.4811 354.0 188
167.7777 354.0 188
168.0579 354.0 188
168.3435 352.0 188
168.6401 352.0 188
168.9203 352.0 188
169.2609 351.0 188
169.5575 350.0 188
169.8431 350.0 188
170.1233 350.0 188
170.4199 349.0 188
170.7001 349.0 188
170.9802 349.0 188
171.2769 348.0 188
171.5625 347.0 188
171.8427 347.0 188
172.1393 347.0 188
172.4799 346.0 188
172.7655 346.0 188
173.0457 345.0 188
173.3258 345.0 188
173.6224 345.0 188
173.9026 345.0 188
174.1827 344.0 188
174.4684 344.0 188
174.7650 344.0 188
175.0452 344.0 188
175.3253 343.0 188
175.6055 343.0 188
175.9021 342.0 188
176.2317 341.0 188
176.5283 341.0 188
176.7480 342.0 188
177.0447 342.0 188
177.3743 341.0 188
177.6709 341.0 188
177.9510 340.0 188
178.2312 340.0 188
178.5278 340.0 188
178.8080 340.0 188
179.0936 341.0 188
179.3738 341.0 188
179.6704 341.0 188
179.9506 340.0 188
180.2307 339.0 188
180.5109 340.0 188
180.8075 340.0 188
181.0931 339.0 188
181.3733 339.0 188
181.6534 339.0 188
181.9501 339.0 188
182.2302 339.0 188
182.5104 339.0 188
182.7960 339.0 188
183.0927 339.0 188
183.3728 338.0 188
183.6530 338.0 188
183.9331 338.0 188
184.2297 339.0 188
184.5154 339.0 188
184.7955 339.0 188
185.0922 339.0 188
185.3723 339.0 188
185.6525 339.0 188
185.9326 339.0 188
186.2292 339.0 188
186.5149 339.0 188
186.7950 339.0 188
187.0752 339.0 188
187.3718 339.0 188
187.6520 339.0 188
187.9321 339.0 188
188.2178 340.0 188
188.5144 340.0 188
188.7946 340.0 188
189.0747 340.0 188
189.3549 340.0 188
189.6515 341.0 188
189.9371 341.0 188
190.2173 341.0 188
190.4974 341.0 188
190.7941 341.0 188
191.0742 341.0 188
191.3104 342.0 188
191.6400 341.0 188
191.8707 342.0 188
192.1509 342.0 188
192.4530 342.0 188
192.7332 342.0 188
193.0133 343.0 188
193.2935 343.0 188
193.5901 344.0 188
193.8702 344.0 188
194.1559 344.0 188
194.4525 344.0 188
194.7327 344.0 188
195.0128 344.0 188
195.2930 346.0 188
195.5292 347.0 188
195.8698 346.0 188
196.1554 346.0 188
196.4355 346.0 188
196.6718 347.0 188
196.9519 347.0 188
197.2485 348.0 188
197.5287 348.0 188
197.8088 349.0 188
198.0890 350.0 188
198.3856 350.0 188
198.6713 350.0 188
198.9514 351.0 188
199.2480 351.0 188
199.4678 352.0 188
199.7644 352.0 188
200.0446 352.0 188
200.3247 353.0 188
200.6213 353.0 188
200.9015 353.0 188
201.1871 354.0 188
201.4838 355.0 188
201.7639 355.0 188
202.0441 356.0 188
202.2803 357.0 188
202.5769 358.0 188
203.1372 359.0 188
214.2609 4232.0 188
215.1233 4216.0 188
215.9802 4272.0 188
217.6996 4344.0 188
218.2654 2352.0 188
218.5620 2348.0 188
218.8422 2344.0 188
219.1223 2348.0 188
219.4189 2356.0 188
219.6991 2364.0 188
219.9792 2368.0 188
220.2759 2380.0 188
220.5615 2388.0 188
220.8417 2392.0 188
221.1383 2404.0 188
221.4185 2408.0 188
221.6986 2412.0 188
221.9952 2420.0 188
222.2809 2428.0 188
222.5610 2436.0 188
222.8577 2440.0 188
223.1378 2444.0 188
223.4344 2448.0 188
223.7146 2452.0 188
223.9508 2460.0 188
224.2310 2464.0 188
224.5111 2468.0 188
224.7968 2472.0 188
225.0934 2476.0 188
225.3735 2480.0 188
225.6537 2484.0 188
225.9503 2488.0 188
226.2305 2492.0 188
226.5106 2496.0 188
226.8073 2496.0 188
227.0929 2500.0 188
227.3730 2508.0 188
228.2300 2536.0 188
229.6692 5456.0 188
229.9493 5424.0 188
230.2460 5416.0 188
230.5261 5424.0 188
230.8118 5440.0 188
231.3885 5432.0 188
232.1246 3284.0 188
232.4213 3276.0 188
232.7014 3260.0 188
232.9816 3248.0 188
233.2617 3232.0 188
233.5583 3220.0 188
233.8385 3208.0 188
234.1241 3196.0 188
234.4208 3180.0 188
234.7009 3172.0 188
234.9811 3156.0 188
235.2777 3148.0 188
235.5579 3136.0 188
235.8435 3124.0 188
236.1237 3116.0 188
236.4203 3104.0 188
236.7004 3092.0 188
236.9806 3080.0 188
237.3267 3068.0 188
237.6233 3060.0 188
237.9034 3048.0 188
238.1836 3040.0 188
238.4637 3032.0 188
238.7604 3020.0 188
239.0460 3008.0 188
239.3262 2996.0 188
239.6228 2988.0 188
239.9030 2976.0 188
240.1831 2968.0 188
240.4797 2960.0 188
240.7654 2952.0 188
241.0455 2944.0 188
241.3257 2932.0 188
241.6223 2924.0 188
241.9025 2916.0 188
242.1826 2912.0 188
242.4792 2904.0 188
242.7649 2892.0 188
243.0450 2884.0 188
243.3417 2876.0 188
243.6218 2868.0 188
243.9020 2860.0 188
244.1821 2852.0 188
244.4843 2840.0 188
244.7644 2836.0 188
245.0446 2832.0 188
245.3412 2824.0 188
245.6213 2812.0 188
245.9015 2808.0 188
246.1981 2800.0 188
246.8243 2692.0 188
247.0441 2740.0 188
247.3407 2768.0 188
247.9010 2800.0 188
248.7140 3092.0 188
